rvec0: 1.155776448792941
rvec1: -1.68838231301597
rvec2: 1.311470871119276
tvec0: 13421.2
tvec1: 1561.09
tvec2: 6016.05
